424,4
424,5
424,1
424,3
416,1
416,3
451,4
451,6
451,1
451,3
14,13
417,1
417,3
415,5
466,4
466,1
466,3
415,1
415,3
409,1
409,3
14,11
465,4
463,4
463,1
463,3
462,4
462,1
462,3
436,1
436,3
14,14
467,1
467,4
461,1
461,3
14,5
425,4
425,1
425,3
414,1
414,3
14,15
465,5
465,1
465,3
0,355
0,273
0,270
0,364
11,1
11,3
9,2
9,1
9,3
8,2
8,1
8,3
12,2
12,1
12,3
431,2533
431,2532
431,2531
431,2530
431,2529
431,2528
431,2527
431,2526
431,2525
431,2524
431,2523
431,2522
431,2521
431,2520
431,2519
431,2518
431,2517
431,2516
431,2515
431,2514
431,2513
431,2512
431,2511
431,2510
431,2509
431,2508
431,2507
431,2506
431,2505
431,2504
431,2503
431,2502
431,2501
431,2500
431,2499
431,2498
431,2497
431,2496
431,2493
431,2465
431,2446
431,2430
431,2429
431,2428
431,2427
431,2426
431,2425
431,2424
431,2423
431,2371
431,2332
431,2316
431,2170
431,2121
431,2107
431,2098
431,2052
431,2036
431,1998
431,1926
431,1874
431,1867
431,1794
431,1774
431,1756
