424,3
14,13
409,1
409,3
14,11
14,14
14,5
425,3
414,1
414,3
14,15
0,355
0,273
0,270
0,364
10,2
497,8
497,7
497,6
497,5
497,4
497,3
10,1
497,2
497,1
10,3
497,0
467,4
467,1
466,4
466,3
466,1
11,2
463,4
11,1
463,3
11,3
463,1
462,4
462,3
462,1
461,3
461,1
456,4
456,1
455,12
455,10
455,9
455,8
455,7
455,6
455,5
455,4
455,3
12,2
455,1
12,1
454,4
12,3
454,1
453,10
453,9
453,7
453,4
453,3
453,1
452,7
452,6
452,5
452,4
452,3
452,1
451,7
451,6
451,5
451,4
451,3
451,1
436,3
436,1
432,4
432,1
431,2533
431,2532
431,2531
431,2530
431,2529
431,2528
431,2527
431,2526
431,2525
431,2524
431,2523
431,2522
431,2521
431,2520
431,2519
431,2518
431,2517
431,2516
431,2515
431,2514
431,2513
431,2512
431,2511
431,2510
431,1
430,3
428,4
428,1
425,4
425,1
424,5
424,4
424,2
424,1
417,3
417,1
416,5
